[gd_scene load_steps=11 format=3 uid="uid://yiomnhy6tf0n"]

[sub_resource type="BoxShape3D" id="BoxShape3D_5cukx"]
size = Vector3(1.5, 1, 1)

[sub_resource type="BoxMesh" id="BoxMesh_w3br0"]
size = Vector3(2, 0.8, 0.8)

[sub_resource type="BoxMesh" id="BoxMesh_v8eah"]
size = Vector3(0.8, 0.5, 0.6)

[sub_resource type="BoxMesh" id="BoxMesh_g33gk"]
size = Vector3(0.2, 0.5, 0.3)

[sub_resource type="BoxMesh" id="BoxMesh_etmhl"]
size = Vector3(0.2, 0.7, 0.3)

[sub_resource type="BoxMesh" id="BoxMesh_3k6ti"]
size = Vector3(0.3, 0.5, 0.2)

[sub_resource type="BoxMesh" id="BoxMesh_m13sw"]
size = Vector3(0.2, 0.8, 0.2)

[sub_resource type="BoxMesh" id="BoxMesh_34yi6"]
size = Vector3(0.2, 0.4, 0.4)

[sub_resource type="Animation" id="Animation_oa0be"]
resource_name = "hop"

[sub_resource type="AnimationLibrary" id="AnimationLibrary_mruc6"]
_data = {
"hop": SubResource("Animation_oa0be")
}

[node name="Rabbit" type="RigidBody3D"]
transform = Transform3D(1, 0, 0, 0, 1, 0, 0, 0, 1, 0, 0.468932, 0)

[node name="CollisionShape3D" type="CollisionShape3D" parent="."]
transform = Transform3D(1, 0, 0, 0, 1, 0, 0, 0, 1, 0, 0.179945, 0)
shape = SubResource("BoxShape3D_5cukx")

[node name="Body" type="MeshInstance3D" parent="."]
transform = Transform3D(0.964091, -0.265573, 0, 0.265573, 0.964091, 0, 0, 0, 1, 0, 0.462011, 0)
mesh = SubResource("BoxMesh_w3br0")

[node name="Head" type="MeshInstance3D" parent="."]
transform = Transform3D(0.999932, -0.0116411, 0, 0.0116411, 0.999932, 0, 0, 0, 1, 0.814433, 1.36939, 0)
mesh = SubResource("BoxMesh_v8eah")

[node name="Ear Left" type="MeshInstance3D" parent="Head"]
transform = Transform3D(0.999932, 0.011579, 0.00120086, -0.0116411, 0.994598, 0.10315, 2.31858e-10, -0.103157, 0.994665, -0.27346, 0.504387, -0.176105)
mesh = SubResource("BoxMesh_g33gk")
skeleton = NodePath("../..")

[node name="Ear Right" type="MeshInstance3D" parent="Head"]
transform = Transform3D(0.999922, 0.0123964, 0.00173608, -0.0121523, 0.994628, -0.102793, -0.00300101, 0.102763, 0.994701, -0.27346, 0.504387, 0.170395)
mesh = SubResource("BoxMesh_g33gk")
skeleton = NodePath("../..")

[node name="Front Leg Offset" type="Node3D" parent="."]
transform = Transform3D(0.854095, -0.520116, 0, 0.520116, 0.854095, 0, 0, 0, 1, 0.932217, 0.311907, -0.0346368)

[node name="Leg Front Left" type="MeshInstance3D" parent="Front Leg Offset"]
transform = Transform3D(0.960774, 0.277331, 0, -0.277331, 0.960774, 0, 0, 0, 1, -0.0383697, -0.330306, -0.306959)
mesh = SubResource("BoxMesh_etmhl")
skeleton = NodePath("../..")

[node name="Leg Front Right" type="MeshInstance3D" parent="Front Leg Offset"]
transform = Transform3D(0.960774, 0.277331, 0, -0.277331, 0.960774, 0, 0, 0, 1, -0.0383697, -0.330306, 0.382726)
mesh = SubResource("BoxMesh_etmhl")
skeleton = NodePath("../..")

[node name="Back Leg Offset" type="Node3D" parent="."]
transform = Transform3D(1, 0, 0, 0, 1, 0, 0, 0, 1, -0.276251, 0.107326, 0)

[node name="Upper Left" type="MeshInstance3D" parent="Back Leg Offset"]
transform = Transform3D(-0.936532, 0.350583, 0, -0.350583, -0.936532, 0, 0, 0, 1, -0.185935, -0.0761651, -0.468979)
mesh = SubResource("BoxMesh_3k6ti")
skeleton = NodePath("Back Leg Left")

[node name="Back Leg Left" type="MeshInstance3D" parent="Back Leg Offset/Upper Left"]
transform = Transform3D(-0.350583, 0.936531, 0, -0.936531, -0.350583, 0, 0, 0, 1, -0.21189, 0.376757, 0.00430101)
mesh = SubResource("BoxMesh_m13sw")
skeleton = NodePath("../../..")

[node name="Upper Right" type="MeshInstance3D" parent="Back Leg Offset"]
transform = Transform3D(-0.936532, 0.350583, 0, -0.350583, -0.936532, 0, 0, 0, 1, -0.185935, -0.0761651, 0.48555)
mesh = SubResource("BoxMesh_3k6ti")
skeleton = NodePath("../Upper Left/Back Leg Left")

[node name="Back Leg Right" type="MeshInstance3D" parent="Back Leg Offset/Upper Right"]
transform = Transform3D(-0.350583, 0.936531, 0, -0.936531, -0.350583, 0, 0, 0, 1, -0.21189, 0.376757, -0.00113988)
mesh = SubResource("BoxMesh_m13sw")
skeleton = NodePath("../../..")

[node name="Tail" type="MeshInstance3D" parent="."]
transform = Transform3D(-0.926948, -0.375189, 0, 0.375189, -0.926948, 0, 0, 0, 1, -0.879827, 0.764552, 0)
mesh = SubResource("BoxMesh_34yi6")

[node name="AnimationPlayer" type="AnimationPlayer" parent="."]
libraries = {
"": SubResource("AnimationLibrary_mruc6")
}
